1 1 1 1 1
 1 1 1 1 
1 1 1 1 1
 1 1 1 1 
1 1 1 1 1
 1 1 1 1 
1 1 1 1 1
 1 1 1 1 
1 1 1 1 1
 1 1 1 1 
1 1 1 1 1
 1 1 1 1 
1 1 1 1 1


1  111  1
1  111  1
 11   11 
 11   11
 11   11 
1  111  1
1  111  1
1  111  1
 11   11 
 11   11
 11   11 
1  111  1
1  111  1


11111
11111
11111
11111
11111
11111
     1111
     1111
     1111
     1111
     1111
     1111
     1111


1  1  1
 1  1  1
  1  1  1
1  1  1  
 1  1  1
  1  1  1
1  1  1  
 1  1  1
  1  1  1
1  1  1
 1  1  1
  1  1  1
1  1  1


111111111
1       1
1 11111 1
1 1   1 1
1 1   1 1
1 1 1 1 1
1 1 1 1 1
1 1 1 1 1
1 1   1 1
1 1   1 1
1 11111 1
1       1
111111111


1 1 1 1 1
 1 1 1 1 
1 1 1 1 1
 1 1 1 1 
1 1 1 1 1
 1 1 1 1 
1 1 1 1 1
 1 1 1 1 
1 1 1 1 1
 1 1 1 1 
1 1 1 1 1
 1 1 1 1 
1 1 1 1 1


1  111  1
1  111  1
 11   11 
 11   11
 11   11 
1  111  1
1  111  1
1  111  1
 11   11 
 11   11
 11   11 
1  111  1
1  111  1


1  1  1
 1  1  1
  1  1  1
1  1  1  
 1  1  1
  1  1  1
1  1  1  
 1  1  1
  1  1  1
1  1  1
 1  1  1
  1  1  1
1  1  1


11111
11111
11111
11111
11111
11111
     1111
     1111
     1111
     1111
     1111
     1111
     1111


111111111
1       1
1 11111 1
1 1   1 1
1 1   1 1
1 1 1 1 1
1 1 1 1 1
1 1 1 1 1
1 1   1 1
1 1   1 1
1 11111 1
1       1
111111111